7 90 3.9 P
16 14 2.9 P
74 56 4 P
78 14 1.7 P
22 39 3.1 P
16 95 4.6 N
54 35 3 P
65 60 3.6 N
91 84 1 P
93 66 3.8 N
52 69 2.3 P
2 96 3.4 P
54 82 5 N
87 72 4.5 P
72 52 3.3 N
68 83 2.6 N
55 62 1.2 P
70 53 2.7 P
19 90 3.6 N
60 69 1.1 N
40 59 1.8 N
39 75 4.7 P
1 29 1.2 N
8 21 1.2 P
37 18 5 N
89 43 6 P
67 81 4.7 P
24 97 1.8 P
27 64 5.3 P
17 30 4.1 P
34 47 5.3 N
99 22 3.1 P
86 95 1.6 P
97 33 2.1 P
40 55 1.3 N
98 58 2.6 P
59 54 1.9 N
76 14 5.1 P
28 38 2.1 N
97 12 4 P
84 21 2.3 P
52 22 2.6 P
91 89 5.1 N
45 1 2.3 P
62 29 4.2 N
89 37 5.5 P
15 6 3 P
51 4 3.1 P
29 90 5.1 N
22 30 1.7 N
